341 330 331 332 260 282 337 341 341 341 517 252 337 341 341 341 337 341 341 337 337 341 518 337 351 341 337 341 341 341 332 350 337 337 337 341 337 337 350 337 337 341 337 516 337 341 0 0 0 0 0 0 0 0 0 0 0 0 0 0 0 0 0 0 0 0 0 0 0 0 0 0 0 0 0 0 0 0 0 0 0 0 0 0 0 0 0 0 0 0 0 0 0 0 0
467 462 274 284 404 423 336 420 462 324 417 460 423 408 455 513 456 409 419 471 238 459 329 457 419 465 468 336 469 238 274 468 420 418 327 471 456 512 463 464 467 421 368 470 466 417 458 353 403 462 459 462 455 287 336 513 238 284 421 328 469 410 336 405 417 463 512 287 462 460 422 238 419 406 458 469 274 470 421 461 455 417 471 407 465 0 0 0 0 0 0 0 0 0 0
203 55 83 84 51 46 87 85 59 57 53 52 60 206 53 54 223 83 83 221 220 87 203 72 60 57 219 221 53 86 82 0 0 0 0 0 0 0 0 0 0 0 0 0 0 0 0 0 0 0 0 0 0 0 0 0 0 0 0 0 0 0 0 0 0 0 0 0 0 0 0 0 0 0 0 0 0 0 0 0 0 0 0 0 0 0 0 0 0 0 0 0 0 0 0
63 66 66 65 209 208 227 61 227 61 64 56 66 206 63 64 56 206 62 56 209 206 63 63 206 201 201 209 206 62 56 206 63 206 63 65 65 0 0 0 0 0 0 0 0 0 0 0 0 0 0 0 0 0 0 0 0 0 0 0 0 0 0 0 0 0 0 0 0 0 0 0 0 0 0 0 0 0 0 0 0 0 0 0 0 0 0 0 0 0 0 0 0 0 0
231 232 119 119 232 231 235 232 231 120 120 232 131 121 119 232 231 116 127 119 119 123 122 108 135 132 134 247 133 126 127 128 129 117 232 231 233 232 231 233 232 231 133 132 232 231 233 132 133 121 130 134 131 131 121 134 128 133 132 134 123 120 120 131 127 131 132 125 124 119 232 131 124 133 130 131 130 131 133 131 133 130 131 131 231 232 127 121 131 131 131 129 133 132 131
35 35 35 35 35 35 35 0 0 0 0 0 0 0 0 0 0 0 0 0 0 0 0 0 0 0 0 0 0 0 0 0 0 0 0 0 0 0 0 0 0 0 0 0 0 0 0 0 0 0 0 0 0 0 0 0 0 0 0 0 0 0 0 0 0 0 0 0 0 0 0 0 0 0 0 0 0 0 0 0 0 0 0 0 0 0 0 0 0 0 0 0 0 0 0
80 73 78 201 77 67 73 80 80 77 67 73 80 80 75 74 80 74 75 76 74 75 211 71 211 71 211 71 78 71 211 78 37 67 77 201 77 201 67 75 74 80 224 79 79 224 80 67 77 224 79 73 0 0 0 0 0 0 0 0 0 0 0 0 0 0 0 0 0 0 0 0 0 0 0 0 0 0 0 0 0 0 0 0 0 0 0 0 0 0 0 0 0 0 0
319 308 538 307 307 349 320 264 282 317 307 0 0 0 0 0 0 0 0 0 0 0 0 0 0 0 0 0 0 0 0 0 0 0 0 0 0 0 0 0 0 0 0 0 0 0 0 0 0 0 0 0 0 0 0 0 0 0 0 0 0 0 0 0 0 0 0 0 0 0 0 0 0 0 0 0 0 0 0 0 0 0 0 0 0 0 0 0 0 0 0 0 0 0 0
138 139 138 139 140 142 141 137 140 139 141 142 142 141 136 139 140 140 139 136 139 140 140 139 138 142 141 137 142 141 142 140 140 139 140 0 0 0 0 0 0 0 0 0 0 0 0 0 0 0 0 0 0 0 0 0 0 0 0 0 0 0 0 0 0 0 0 0 0 0 0 0 0 0 0 0 0 0 0 0 0 0 0 0 0 0 0 0 0 0 0 0 0 0 0
344 344 344 344 316 344 344 344 0 0 0 0 0 0 0 0 0 0 0 0 0 0 0 0 0 0 0 0 0 0 0 0 0 0 0 0 0 0 0 0 0 0 0 0 0 0 0 0 0 0 0 0 0 0 0 0 0 0 0 0 0 0 0 0 0 0 0 0 0 0 0 0 0 0 0 0 0 0 0 0 0 0 0 0 0 0 0 0 0 0 0 0 0 0 0
54 54 223 53 45 54 205 45 54 205 54 54 223 86 222 57 53 59 223 206 54 53 0 0 0 0 0 0 0 0 0 0 0 0 0 0 0 0 0 0 0 0 0 0 0 0 0 0 0 0 0 0 0 0 0 0 0 0 0 0 0 0 0 0 0 0 0 0 0 0 0 0 0 0 0 0 0 0 0 0 0 0 0 0 0 0 0 0 0 0 0 0 0 0 0
524 306 523 522 524 311 524 299 524 0 0 0 0 0 0 0 0 0 0 0 0 0 0 0 0 0 0 0 0 0 0 0 0 0 0 0 0 0 0 0 0 0 0 0 0 0 0 0 0 0 0 0 0 0 0 0 0 0 0 0 0 0 0 0 0 0 0 0 0 0 0 0 0 0 0 0 0 0 0 0 0 0 0 0 0 0 0 0 0 0 0 0 0 0 0
182 183 107 228 228 229 228 228 183 228 182 228 0 0 0 0 0 0 0 0 0 0 0 0 0 0 0 0 0 0 0 0 0 0 0 0 0 0 0 0 0 0 0 0 0 0 0 0 0 0 0 0 0 0 0 0 0 0 0 0 0 0 0 0 0 0 0 0 0 0 0 0 0 0 0 0 0 0 0 0 0 0 0 0 0 0 0 0 0 0 0 0 0 0 0
314 255 272 283 278 257 281 280 250 257 279 278 277 0 0 0 0 0 0 0 0 0 0 0 0 0 0 0 0 0 0 0 0 0 0 0 0 0 0 0 0 0 0 0 0 0 0 0 0 0 0 0 0 0 0 0 0 0 0 0 0 0 0 0 0 0 0 0 0 0 0 0 0 0 0 0 0 0 0 0 0 0 0 0 0 0 0 0 0 0 0 0 0 0 0
17 19 18 17 18 18 18 17 18 18 0 0 0 0 0 0 0 0 0 0 0 0 0 0 0 0 0 0 0 0 0 0 0 0 0 0 0 0 0 0 0 0 0 0 0 0 0 0 0 0 0 0 0 0 0 0 0 0 0 0 0 0 0 0 0 0 0 0 0 0 0 0 0 0 0 0 0 0 0 0 0 0 0 0 0 0 0 0 0 0 0 0 0 0 0
